1807.826416 5.835442
1807.844116 5.817841
1503.062256 22.597336
1502.413574 23.448257
1502.413818 23.448242
1505.748047 22.581108
1503.850220 22.595490
1508.871582 22.570984
1507.041138 22.571075
1510.953735 22.379448
1485.314819 24.941566
1486.387207 24.537407
1491.130981 23.869171
1494.605591 23.809891
1498.464233 23.768990
1489.246460 24.074791
1479.976074 25.224716
1476.182495 27.924767
1476.182373 27.924774
1476.365723 27.924080
1480.058838 25.183304
1478.680420 25.430992
1477.691895 26.074036
1481.349731 25.173889
1477.075806 26.127945
1478.307007 26.058449
1511.616943 22.315620
1510.968750 22.315773
1525.780151 19.489944
1525.779175 19.490707
1525.778320 19.491463
1525.779419 19.490646
1525.778687 19.491379
1525.778564 19.491402
1525.777710 19.492165
1525.763916 19.492172
1525.763062 19.492935
1525.763184 19.492882
1524.605591 19.582031
1524.604736 19.582794
1524.603882 19.583557
1524.602905 19.584320
1524.604004 19.583504
1524.603149 19.584267
1524.602295 19.585030
1524.602173 19.585052
1524.603027 19.584290
1525.777954 19.492111
1525.373657 19.492996
1525.372803 19.493759
1525.370361 19.496048
1525.369751 19.496765
1524.828125 19.497528
1524.827393 19.498291
1524.826660 19.499054
1524.825806 19.499817
1524.824951 19.500580
1522.491577 19.816246
1525.372925 19.493729
1525.372070 19.494492
1525.372192 19.494461
1525.371582 19.495171
1524.199463 19.585075
1524.198730 19.585838
1524.198120 19.586601
1524.197266 19.587364
1525.371338 19.495224
1525.370605 19.495987
1525.369873 19.496750
1525.369995 19.496727
1525.136719 19.496780
1528.023560 19.486359
1528.022705 19.487122
1528.022095 19.487854
1528.021973 19.487885
1528.021118 19.488647
1528.020264 19.489388
1528.021362 19.488586
1528.020508 19.489349
1530.749756 19.249031
1533.384766 19.185577
1530.064941 19.297981
1528.768799 19.382774
1517.752319 20.288925
1517.751587 20.289688
1517.750732 20.290451
1517.749878 20.291214
1517.749023 20.291977
1517.750854 20.290421
1517.750000 20.291183
1517.749146 20.291946
1517.748901 20.292000
1517.747925 20.292763
1517.746948 20.293526
1517.748047 20.292717
1517.747192 20.293480
1517.747314 20.293472
1517.746216 20.294235
1517.745483 20.294998
1517.746582 20.294220
1517.745605 20.294983
1517.744873 20.295746
1517.744263 20.296509
1517.744751 20.295784
1517.743896 20.296547
1517.743164 20.297310
1517.742920 20.297340
1517.657471 20.298103
1517.656738 20.298866
1517.655884 20.299629
1517.655151 20.300354
1517.654419 20.301125
1517.744141 20.296532
1517.743286 20.297295
1517.742432 20.298050
1517.258179 20.301918
1517.257324 20.302681
1517.256592 20.303398
1516.238525 20.304161
1517.833984 20.245743
1519.296021 19.992752
1521.692383 19.875290
1520.915405 19.875298
1514.044312 21.114655
1514.043457 21.115349
1514.043579 21.115326
1514.043701 21.115318
1514.042725 21.116058
1514.041748 21.116821
1514.041016 21.117561
1514.040161 21.118324
1514.040283 21.118309
1514.040894 21.117584
1514.039917 21.118347
1514.042480 21.116112
1514.041504 21.116875
1514.040527 21.117638
1514.042969 21.116051
1514.041992 21.116814
1514.631348 21.069641
1514.630493 21.070404
1514.630615 21.070381
1514.629639 21.071144
1514.628784 21.071907
1514.041260 21.117546
1514.039551 21.119064
1514.039307 21.119072
1514.038452 21.119812
1514.037720 21.120575
1514.036987 21.121338
1515.513794 20.928833
1515.512939 20.929596
1515.512207 20.930290
1514.937622 20.930359
1514.936890 20.931107
1514.936768 20.931122
1514.935913 20.931839
1514.935181 20.932579
1514.934448 20.933342
1514.935059 20.932602
1514.934326 20.933365
1514.845703 20.975029
1514.933594 20.934128
1514.932617 20.934891
1514.931763 20.935654
1514.933716 20.934105
1514.932983 20.934837
1514.932129 20.935600
1514.931396 20.936363
1514.930542 20.937126
1514.929688 20.937889
1514.928833 20.938652
1514.930664 20.937088
1514.929810 20.937851
1514.928955 20.938614
1514.927856 20.939415
1514.927979 20.939384
1514.927124 20.940178
1514.926636 20.940941
1515.723022 20.850266
1514.925781 20.941711
1513.348267 21.408653
1515.724487 20.850258
1514.924805 20.942474
1514.931641 20.935699
1514.930786 20.936462
1514.929932 20.937225
1514.929199 20.937988
1514.930908 20.936417
1514.930176 20.937180
1514.930420 20.937157
1514.929321 20.937935
1514.928467 20.938705
1514.927734 20.939468
1514.927002 20.940231
1514.926270 20.940994
1514.925537 20.941757
1514.926880 20.940277
1514.926025 20.941040
1514.925293 20.941803
1514.924561 20.942543
1514.923584 20.943306
1514.922974 20.944069
1514.923828 20.943268
1514.923096 20.944031
1514.922241 20.944832
1514.835693 20.984207
1514.834961 20.984970
1514.834229 20.985733
1514.843262 20.977341
1514.842285 20.978104
1514.841553 20.978867
1514.840820 20.979622
1514.840088 20.980385
1514.839355 20.981155
1514.838501 20.981918
1514.837646 20.982681
1514.836792 20.983444
1512.598633 21.449570
1514.839478 20.981148
1514.838623 20.981895
1514.837769 20.982658
1514.836914 20.983421
1514.836182 20.984184
1514.835938 20.984200
1514.924072 20.943253
1514.923340 20.944000
1514.835205 20.984917
1514.834351 20.985680
1514.922363 20.944778
1514.921631 20.945541
1514.040771 21.117599
1514.040039 21.118332
1514.039062 21.119095
1514.039795 21.118362
1514.039185 21.119087
1514.037598 21.120583
1514.036865 21.121346
1514.036255 21.122108
1514.035400 21.122871
1514.038330 21.119850
1514.036133 21.122139
1514.034546 21.123665
1514.033691 21.124428
1512.456177 21.595161
1514.034668 21.123657
1514.035278 21.122932
1514.038208 21.119888
1514.037476 21.120644
1514.036499 21.121407
1514.036621 21.121391
1514.035889 21.122154
1514.035767 21.122177
1514.034790 21.122940
1514.033936 21.123695
1514.032959 21.124458
1514.032227 21.125221
1514.031616 21.125984
1514.030884 21.126755
1513.453613 21.348137
1513.453857 21.348129
1514.031128 21.126709
1514.031006 21.126747
1514.030151 21.127510
1514.029297 21.128281
1514.028442 21.129044
1514.027588 21.129807
1514.026611 21.130569
1514.026001 21.131332
1514.025269 21.132095
1514.030273 21.127502
1514.029419 21.128265
1514.028564 21.129028
1514.027710 21.129791
1514.026855 21.130554
1514.026123 21.131317
1514.025513 21.132065
1514.025391 21.132080
1514.024780 21.132858
1514.024536 21.133575
1514.030762 21.127487
1514.029785 21.128250
1514.028809 21.129013
1514.030029 21.128227
1514.029053 21.128990
1514.028320 21.129753
1514.027466 21.130516
1514.025757 21.132042
1514.025024 21.132805
1533.486572 18.545517
1533.487061 18.545509
1540.221069 18.062492
1536.924805 18.137802
1536.845703 18.429306
1536.845947 18.429298
1533.549561 18.504608
1542.407349 17.875534
1452.521729 33.213493
1450.340210 33.691849
1448.970459 35.241440
1443.900269 38.194221
1443.900146 38.194260
1447.013794 36.643776
1447.541992 36.403023
1448.803101 35.523750
1448.325562 35.810181
1447.664551 36.087097
1444.083984 38.121521
1443.386597 42.416424
1442.010620 44.653633
1442.988281 43.025486
1440.289917 49.488972
1441.794434 47.489323
1440.290039 49.488926
1456.295654 30.991158
1456.294678 30.991920
1456.293945 30.992645
1456.294922 30.991867
1456.294067 30.992615
1456.293091 30.993370
1456.294189 30.992577
1456.293335 30.993340
1456.292480 30.994102
1456.293213 30.993362
1456.292358 30.994125
1456.294800 30.991890
1454.818604 32.543823
1454.455566 33.100555
1456.291870 30.994919
1456.291016 30.995682
1456.290161 30.996445
1456.288818 30.997917
1456.750977 30.952515
1456.289429 30.997185
1456.291748 30.994949
1456.290771 30.995712
1456.289917 30.996475
1456.289062 30.997238
1456.289185 30.997231
1456.288208 30.998001
1456.287231 30.998756
1456.287354 30.998726
1456.286377 30.999489
1456.285645 31.000244
1456.286499 30.999481
1456.285034 31.001007
1456.291138 30.995613
1456.290283 30.996376
1456.289551 30.997139
1456.013306 31.160339
1455.923096 31.311317
1456.289307 30.997200
1456.288452 30.997948
1456.287476 30.998711
1454.550659 32.980484
1456.290405 30.996361
1456.289673 30.997101
1456.288940 30.997810
1456.288086 30.998627
1456.010498 31.160355
1456.287109 30.999413
1456.286133 31.000175
1456.285278 31.000938
1456.284302 31.001701
1456.284668 31.001640
1456.283813 31.002403
1456.283325 31.003197
1456.284546 31.001686
1456.008423 31.160362
1456.283081 31.003212
1456.746826 30.952545
1456.283691 31.002548
1456.282837 31.003311
1456.281982 31.004074
1455.164429 31.440651
1464.908813 29.440552
1464.910767 29.440498
1464.911255 29.440468
1467.476929 29.268242
1467.232544 29.437836
1469.105835 29.232353
1470.319580 28.515022
1468.308716 29.265564
1467.232910 29.437813
1462.801147 30.031815
1463.050659 29.799294
1459.351074 30.884636
1460.564575 30.829338
1461.026489 30.650322
1463.894897 29.475098
1474.787598 28.425629
1564.204224 14.678642
1565.485229 14.626144
1566.697754 14.544319
1563.102051 14.695366
1567.447632 14.542549
1561.507202 14.882866
1562.220337 14.705322
1561.633667 14.766411
1561.633545 14.766426
1571.969238 13.384521
1569.619873 13.434456
1569.207520 14.298256
1569.620361 13.434441
1575.337280 13.186729
1575.336060 13.186806
1576.571777 12.918861
1578.618652 12.828827
1582.842041 12.798775
1547.258789 16.990440
1544.869873 17.415833
1547.026489 17.258774
1547.147217 17.147499
1550.729614 16.400459
1555.695312 15.827202
1553.762085 16.108063
1558.473389 15.283981
1558.638184 14.947754
1558.298096 15.597321
1557.503052 15.800468
1584.057983 12.394554
1586.115234 12.385803
1585.044556 12.387886
1586.804077 12.228355
1589.769775 12.146751
1589.769897 12.146736
1591.866699 11.697815
1590.510742 12.101936
1591.042847 11.745880
1592.399414 11.692314
1592.399292 11.692352
1596.560059 11.525101
1594.234009 11.597588
1593.240723 11.627579
1593.224121 11.644333
1597.879883 11.362846
1600.506104 11.344887
1601.724121 11.290649
1612.691772 10.356987
1603.994995 10.881821
1606.354492 10.792252
1604.174805 10.881813
1616.612061 10.149857
1616.505737 10.190094
1618.669189 10.141113
1620.877075 10.060020
1622.736938 9.949699
1701.514526 8.701424
1702.959106 8.370743
1702.958984 8.370750
1703.501587 8.362007
1704.187988 8.128502
1704.424805 8.064583
1695.913696 8.822441
1699.487671 8.785004
1689.453003 9.035385
1688.893066 9.309204
1688.726074 9.551186
1685.750732 9.839973
1691.427124 8.989761
1695.839111 8.940842
1695.333984 8.989273
1695.838989 8.940872
1713.488403 7.435898
1712.120239 7.443924
1712.120361 7.443916
1712.102661 7.514061
1712.120117 7.443932
1709.821045 7.728920
1709.705322 7.960922
1713.641357 7.428352
1713.778320 7.351730
1719.860962 6.902382
1719.643066 7.206017
1720.692017 6.763527
1720.691895 6.763557
1722.661255 6.670662
1722.901978 6.646240
1722.407104 6.730469
1722.138550 6.763313
1722.455933 6.704079
1717.462036 7.240150
1717.461182 7.240440
1719.426270 7.239395
1726.638794 6.231392
1726.801636 6.214714
1727.307983 6.183914
1727.417847 6.121101
1725.544800 6.462776
1732.282349 6.042564
