1480.930176 24.706558
1479.857666 24.940643
1480.929688 24.706589
1482.461426 24.665695
1484.555298 24.564400
1493.833252 23.022316
1494.910400 22.981339
1494.897461 22.988052
1490.500000 23.775040
1486.617188 24.515244
1492.080933 23.345093
1493.612549 23.304169
1487.786377 23.809006
1498.410767 21.790199
1500.869507 21.456017
1500.933960 21.391876
1500.474121 21.714684
1500.817627 21.456070
1500.565063 21.507423
1500.357544 21.714706
1502.231812 21.318642
1502.218750 21.325356
1500.935913 21.355919
1500.935669 21.355949
1504.086914 21.203094
1466.612305 27.885445
1473.909912 25.686844
1476.585693 25.632233
1473.909668 25.686867
1472.989136 25.727737
1477.995972 25.508591
1472.871460 25.845596
1472.457397 26.259621
1472.504761 26.212471
1471.462769 27.253319
1471.783813 26.932747
1474.523804 25.673088
1478.593140 25.467537
1459.295044 29.798035
1460.830566 29.212212
1461.947998 28.577858
1461.541748 28.984230
1462.307739 28.577843
1462.308105 28.577820
1457.744507 30.087425
1456.757080 30.090477
1456.756470 30.091232
1456.755615 30.091995
1456.754761 30.092758
1456.755737 30.091988
1456.754883 30.092751
1456.756226 30.091240
1456.755371 30.092003
1456.754517 30.092766
1456.742554 30.094994
1456.741821 30.095741
1456.740967 30.096504
1456.740112 30.097267
1456.739258 30.098030
1456.738403 30.098793
1456.737671 30.099556
1456.736694 30.100319
1456.735962 30.101059
1456.738647 30.098778
1456.737793 30.099541
1456.736816 30.100304
1456.735474 30.101830
1457.835815 29.946342
1455.499634 30.254478
1455.250244 30.549637
1455.250122 30.549644
1455.712402 30.114746
1457.504883 30.087547
1454.615479 31.425476
1454.614502 31.426239
1454.614014 31.426956
1454.613647 31.427002
1454.612793 31.427765
1454.611938 31.428520
1454.611084 31.429276
1454.610229 31.430038
1454.610107 31.430046
1454.609253 31.430809
1453.959961 31.431572
1453.958984 31.432335
1454.610352 31.430031
1454.609497 31.430786
1454.608643 31.431549
1454.608765 31.431534
1454.612915 31.427704
1454.612183 31.428459
1454.611450 31.429222
1454.610718 31.429977
1454.610596 31.430016
1454.609741 31.430779
1454.609863 31.430740
1454.609009 31.431503
1454.609985 31.430687
1454.609131 31.431450
1453.958618 31.433075
1453.957886 31.433853
1453.957153 31.434616
1453.956299 31.435379
1453.955444 31.436142
1453.954590 31.436905
1453.953735 31.437668
1453.953857 31.437653
1453.955566 31.436104
1453.954712 31.436867
1453.953979 31.437630
1453.952881 31.438431
1453.959473 31.432312
1453.958008 31.433830
1453.957275 31.434593
1453.956421 31.435341
1452.030884 31.439880
1453.957397 31.434586
1455.127563 30.649582
1453.956909 31.435310
1452.033081 31.439865
1453.955933 31.436073
1453.955078 31.436836
1453.954346 31.437553
1453.953613 31.438316
1453.954102 31.437599
1453.953125 31.438362
1453.952271 31.439125
1453.952148 31.439163
1454.613892 31.426971
1454.612427 31.428452
1454.611694 31.429176
1454.610962 31.429939
1453.958252 31.433678
1453.957520 31.434479
1454.610840 31.429962
1451.338623 31.489471
1464.041626 28.027771
1464.040894 28.028351
1464.040161 28.029068
1464.039307 28.029831
1464.038696 28.030563
1464.038452 28.030594
1464.037598 28.031357
1464.040039 28.029114
1464.039062 28.029877
1464.038086 28.030640
1464.037354 28.031372
1464.036621 28.032135
1464.035767 28.032898
1464.039429 28.029800
1464.037964 28.031250
1464.037231 28.032013
1464.036377 28.032776
1464.037109 28.032089
1464.034668 28.033676
1464.033936 28.034439
1464.035889 28.032814
1464.035156 28.033546
1464.034424 28.034309
1464.033691 28.035103
1464.037842 28.031342
1464.036865 28.032104
1463.637207 28.038666
1463.636475 28.038918
1463.636353 28.038933
1464.032715 28.035851
1464.031860 28.036613
1464.031982 28.036583
1464.031128 28.037338
1464.030029 28.038170
1464.030151 28.038101
1464.035034 28.033615
1464.034180 28.034348
1464.033325 28.035110
1464.032349 28.035873
1464.031494 28.036636
1464.030884 28.037399
1464.035645 28.032928
1464.162598 28.027763
1465.554688 27.886833
1465.553711 27.887596
1465.552734 27.888359
1465.551758 27.889122
1465.552979 27.888321
1465.553955 27.887589
1465.819946 27.885483
1465.551025 27.889862
1465.549316 27.891350
1465.548462 27.892113
1465.548584 27.892052
1465.547852 27.892815
1465.546875 27.893578
1464.033081 28.035156
1465.552002 27.889084
1465.551147 27.889847
1465.551392 27.889763
1465.550537 27.890526
1465.550659 27.890465
1465.550171 27.890610
1465.549194 27.891373
1465.551270 27.889786
1465.550293 27.890549
1465.549561 27.891312
1465.547729 27.892838
1465.551636 27.889755
1465.554077 27.887543
1465.553345 27.888306
1465.552612 27.888969
1465.144043 27.963783
1465.143311 27.964546
1465.150757 27.896751
1465.150024 27.897514
1463.635376 28.039795
1465.149292 27.898277
1465.148560 27.899040
1465.147705 27.899803
1465.147827 27.899765
1465.146973 27.900566
1465.147217 27.900551
1465.146362 27.901245
1465.145508 27.902008
1465.146240 27.901260
1465.144653 27.902855
1465.552246 27.889061
1465.549683 27.891296
1465.548828 27.892029
1465.549927 27.891220
1465.549072 27.891983
1465.151855 27.896378
1465.151123 27.896645
1465.150391 27.897408
1465.151001 27.896683
1465.150146 27.897446
1465.546021 27.894341
1465.545288 27.895103
1465.548096 27.892738
1465.547363 27.893494
1465.546631 27.894226
1465.676880 27.885490
1465.547119 27.893501
1465.546265 27.894264
1465.546387 27.894234
1465.545654 27.894997
1465.544922 27.895760
1465.545410 27.895004
1465.544434 27.895767
1462.425903 28.101120
1523.545532 19.346153
1524.841675 19.283127
1518.936035 19.815224
1517.567383 19.815376
1517.567627 19.815361
1521.561035 19.776573
1514.966309 19.921722
1514.965332 19.922485
1514.965454 19.922478
1514.964600 19.923225
1514.963867 19.923973
1514.963623 19.923988
1514.962891 19.924713
1514.964478 19.923233
1514.963379 19.923996
1516.774902 19.905464
1514.962646 19.924728
1514.961792 19.925476
1514.961670 19.925491
1514.960938 19.926254
1514.961182 19.926201
1514.960449 19.926903
1514.959717 19.927643
1514.958862 19.928429
1514.960205 19.926964
1514.959473 19.927727
1514.958618 19.928490
1514.958008 19.929253
1514.957153 19.930016
1514.958374 19.929192
1514.957520 19.929985
1514.956421 19.930786
1514.958496 19.928566
1514.957642 19.929329
1514.956787 19.930092
1514.957764 19.929276
1514.956909 19.930038
1513.566406 19.930801
1513.565674 19.931564
1513.564697 19.932327
1513.565552 19.931587
1513.564575 19.932350
1515.396606 19.905479
1521.748657 19.591118
1521.562988 19.776566
1521.748413 19.591125
1521.563232 19.776558
1521.563477 19.776543
1521.748779 19.591080
1529.431763 18.486839
1524.967285 19.173653
1513.564331 19.933067
1513.563599 19.933792
1513.562866 19.934555
1513.562134 19.935318
1513.561157 19.936081
1513.564209 19.933105
1513.563477 19.933868
1513.562500 19.934631
1513.561646 19.935394
1513.560791 19.936157
1513.559937 19.936920
1513.564087 19.933136
1513.563110 19.933899
1513.562744 19.934586
1513.561890 19.935349
1513.561035 19.936111
1513.560547 19.936844
1513.563232 19.933876
1513.562256 19.934639
1513.561523 19.935402
1513.560669 19.936165
1513.560059 19.936874
1513.559204 19.937637
1513.559692 19.936928
1513.558960 19.937675
1513.558838 19.937691
1513.561768 19.935364
1513.560913 19.936127
1512.689575 20.603096
1513.559082 19.937653
1513.558105 19.938416
1513.557373 19.939178
1513.559326 19.937622
1513.558472 19.938385
1513.558594 19.938354
1513.557739 19.939117
1513.557495 19.939148
1513.556763 19.939896
1513.556030 19.940659
1513.555298 19.941437
1512.446289 20.735443
1512.445557 20.736206
1512.444824 20.736969
1512.443970 20.737732
1512.444092 20.737709
1512.813477 20.603088
1512.873413 20.545486
1513.556274 19.940651
1513.555542 19.941414
1513.554688 19.942177
1513.553833 19.942940
1513.236206 20.453522
1513.552979 19.943680
1513.552124 19.944443
1513.551147 19.945206
1513.550415 19.945969
1513.550171 19.946014
1513.549438 19.946777
1513.548706 19.947540
1513.549683 19.946716
1513.548950 19.947479
1513.548218 19.948242
1513.548096 19.948303
1513.547241 19.949066
1513.556641 19.939980
1513.555786 19.940742
1513.554932 19.941444
1513.553955 19.942207
1513.554199 19.942192
1513.553467 19.942955
1513.553223 19.943016
1513.555908 19.940712
1513.553345 19.943008
1513.552368 19.943771
1513.552490 19.943741
1513.551514 19.944504
1513.552612 19.943726
1513.551758 19.944489
1513.550903 19.945251
1513.552246 19.943794
1513.549316 19.946815
1513.548462 19.947578
1513.547607 19.948341
1513.546875 19.949104
1513.546265 19.949898
1513.545532 19.950661
1510.482666 20.856972
1510.481567 20.857735
1510.480591 20.858498
1510.480469 20.858521
1510.480713 20.858490
1510.568115 20.856453
1510.479858 20.859245
1510.479736 20.859261
1510.478882 20.860023
1510.478149 20.860786
1510.477295 20.861549
1510.476562 20.862312
1510.475586 20.863068
1510.470947 20.867645
1510.470215 20.868408
1510.469482 20.869171
1510.479980 20.859222
1510.479370 20.859947
1510.476074 20.863007
1510.475220 20.863770
1510.476685 20.862274
1510.475708 20.863037
1510.474854 20.863800
1510.473877 20.864563
1510.473145 20.865326
1510.472412 20.866089
1511.269287 20.844810
1511.269653 20.844788
1510.481934 20.857674
1510.480957 20.858437
1510.480103 20.859200
1510.479004 20.859962
1510.478271 20.860725
1510.476807 20.862251
1510.475952 20.863014
1510.475098 20.863777
1510.474243 20.864555
1510.474365 20.864525
1510.473633 20.865250
1510.481201 20.858429
1510.480225 20.859192
1510.479248 20.859955
1510.478394 20.860718
1510.479492 20.859901
1510.478516 20.860657
1510.477539 20.861427
1510.476929 20.862190
1510.476196 20.862953
1510.473511 20.865303
1510.472534 20.866066
1510.471802 20.866829
1510.474731 20.864487
1511.805786 20.842026
1510.471069 20.867592
1510.472656 20.866051
1510.472900 20.866043
1510.471924 20.866806
1510.470337 20.868263
1510.468750 20.869789
1510.468140 20.870552
1510.473022 20.866005
1510.472168 20.866730
1510.471313 20.867493
1510.470459 20.868256
1510.469604 20.869019
1510.470703 20.868217
1510.469727 20.868980
1510.468872 20.869743
1510.471680 20.867462
1510.471191 20.867531
1510.467285 20.871330
1510.468384 20.870529
1510.467651 20.871292
1510.466797 20.872055
1510.466064 20.872818
1510.465942 20.872833
1510.465332 20.873581
1510.466675 20.872101
1510.465820 20.872856
1510.464844 20.873619
1510.465088 20.873604
1510.464233 20.874367
1511.262573 20.844849
1511.262817 20.844841
1510.466431 20.872124
1510.466553 20.872108
1510.465698 20.872887
1510.464722 20.873650
1510.463501 20.875175
1510.463135 20.875984
1532.803467 18.345604
1536.726562 17.675713
1536.226562 17.820213
1541.386841 17.163902
1542.972168 16.961227
1541.038940 17.317146
1538.720947 17.327049
1538.721069 17.327034
1546.621094 16.961212
1541.431396 17.067261
1539.363281 17.323158
1441.961060 33.832291
1444.176392 33.295258
1440.998291 34.879097
1440.998535 34.879059
1440.172729 35.415398
1447.634521 33.040886
1448.791138 32.157318
1438.602417 35.638634
1430.250000 39.258392
1430.705200 38.108566
1432.014893 37.909576
1433.318848 37.909142
1428.964478 41.631138
1434.645386 37.101540
1435.382202 36.983742
1435.429565 36.735451
1437.764160 36.735443
1425.446411 44.413311
1423.934448 45.925140
1423.934692 45.925133
1426.483276 43.376232
1424.675781 45.298115
1427.723511 42.135830
1425.929077 44.255692
1425.929199 44.255688
1565.146729 14.292931
1565.146362 14.292946
1561.509766 14.394897
1559.778442 14.421219
1559.085449 14.623299
1558.249634 14.924171
1557.342773 15.530106
1557.837402 15.078857
1556.873779 15.625900
1558.121582 14.941856
1558.283691 14.851257
1563.415771 14.333374
1563.415283 14.333382
1555.298340 15.664101
1555.830444 15.628738
1555.205444 15.744652
1567.594727 13.936150
1567.796387 13.935547
1567.796875 13.935539
1569.121582 13.452202
1569.738037 13.339462
1573.863525 12.680046
1574.579346 12.541786
1572.876221 12.926903
1570.696045 12.944069
1573.863037 12.680153
1575.833984 11.761131
1576.466064 11.749435
1575.541748 12.413528
1578.103760 11.715408
1575.955811 11.749496
1578.040894 11.715477
1578.548218 11.656219
1583.795654 11.581902
1585.776489 11.032265
1585.413208 11.238785
1587.480591 10.963264
1588.095093 10.670403
1590.541992 10.406593
1592.970825 9.867813
1547.629150 16.922585
1550.937988 16.087173
1553.090210 16.034698
1553.876221 16.034668
1595.779541 9.154160
1599.134155 9.135605
1595.109131 9.641884
1593.882690 9.718231
1601.435425 9.135521
1601.435669 9.135506
1601.576904 9.090973
1598.081177 9.154076
1602.070923 9.090919
1603.358398 9.023911
1608.534424 9.007439
1609.012817 8.955933
1609.012695 8.955940
1611.439453 8.749557
1616.625122 8.249916
1615.744141 8.434761
1619.214355 8.199455
1624.258545 7.866272
1623.760498 7.867783
1622.643433 7.996597
1628.710449 7.692497
1627.727539 7.743492
1706.120728 7.612656
1709.063843 7.535858
1715.155151 7.322014
1715.155273 7.322006
1714.059570 7.348206
1714.059814 7.348190
1715.283081 7.314125
1718.932251 6.589569
1718.558350 6.907112
1720.216309 6.530365
1720.343262 6.530342
1716.700806 7.092323
1717.709229 7.000862
1713.655151 7.456177
1723.913208 6.275078
1722.505981 6.510597
1726.902588 6.017708
1726.595093 6.077293
1725.183716 6.136543
1726.902832 6.017677
1722.801147 6.372353
1722.813110 6.360344
1724.694580 6.215462
1729.715942 5.706757
1729.716309 5.706703
1734.484375 5.527718
1738.644775 5.468491