1500 50 200
1490 62 200,7
1480 74 201,4
1470 86 202,1
1460 98 202,8
1450 110 203,5
1440 122 204,2
1430 134 204,9
1420 146 205,6
1410 158 206,3
1400 170 207
1390 182 207,7
1380 194 208,4
1370 206 209,1
1360 218 209,8
1350 230 210,5
1340 242 211,2
1330 254 211,9
1320 266 212,6
1310 278 213,3
1300 290 214
1290 302 214,7
1280 314 215,4
1270 326 216,1
1260 338 216,8
1250 350 217,5
1240 362 218,2
1230 374 218,9
1220 386 219,6
1210 398 220,3
1200 410 221
1190 422 221,7
1180 434 222,4
1170 446 223,1
1160 458 223,8
1150 470 224,5
1140 482 225,2
1130 494 225,9
1120 506 226,6
1110 518 227,3
1100 530 228
1090 542 228,7
1080 554 229,4
1070 566 230,1
1060 578 230,8
1050 590 231,5
1040 602 232,2
1030 614 232,9
1020 626 233,6
1010 638 234,3
1000 650 235
990 662 235,7
980 674 236,4
970 686 237,1
960 698 237,8
950 710 238,5
940 722 239,2
930 734 239,9
920 746 240,6
910 758 241,3
900 770 242
890 782 242,7
880 794 243,4
870 806 244,1
860 818 244,8
850 830 245,5
840 842 246,2
830 854 246,9
820 866 247,6
810 878 248,3
800 890 249
790 902 249,7
780 914 250,4
770 926 251,1
760 938 251,8
750 950 252,5
740 962 253,2
730 974 253,9
720 986 254,6
710 998 255,3
700 1010 256
690 1022 256,7
680 1034 257,4
670 1046 258,1
660 1058 258,8
650 1070 259,5
640 1082 260,2
630 1094 260,9
620 1106 261,6
610 1118 262,3
600 1130 263
590 1142 263,7
580 1154 264,4
570 1166 265,1
560 1178 265,8
550 1190 266,5
540 1202 267,2
530 1214 267,9
520 1226 268,6
510 1238 269,3
500 1250 270
490 1262 270,7
480 1274 271,4
470 1286 272,1
460 1298 272,8
450 1310 273,5
440 1322 274,2
430 1334 274,9
420 1346 275,6
410 1358 276,3
400 1370 277
390 1382 277,7
380 1394 278,4
370 1406 279,1
360 1418 279,8
350 1430 280,5
340 1442 281,2
330 1454 281,9
320 1466 282,6
310 1478 283,3
300 1490 284
290 1502 284,7
280 1514 285,4
270 1526 286,1
260 1538 286,8
250 1550 287,5
240 1562 288,2
230 1574 288,9
220 1586 289,6
210 1598 290,3
200 1610 291
190 1622 291,7
180 1634 292,4
170 1646 293,1
160 1658 293,8
150 1670 294,5
140 1682 295,2
130 1694 295,9
120 1706 296,6
110 1718 297,3
100 1730 298
90 1742 298,7
80 1754 299,4
70 1766 300,1
60 1778 300,8
50 1790 301,5
40 1802 302,2
30 1814 302,9
20 1826 303,6