1806.370361 6.370728
1806.370239 6.370735
1806.369263 6.454796
1809.871704 6.301643
1809.590332 6.301659
1794.716064 6.768753
1793.953857 7.146027
1796.396851 6.623695
1795.852783 6.684387
1798.086670 6.614952
1801.571655 6.596947
1474.271973 49.994499
1475.356079 49.945183
1475.355957 49.945190
1452.056152 58.877621
1455.037720 58.654423
1455.037964 58.654415
1476.692017 49.828365
1465.389771 53.107098
1465.389893 53.107082
1467.164307 52.837692
1467.164185 52.837696
1466.654663 53.084354
1464.880371 53.353695
1467.127686 52.837711
1464.615479 53.711338
1464.485840 53.800701
1462.369507 53.917122
1468.074707 51.368950
1467.699341 51.744331
1467.987793 51.668671
1467.988037 51.668663
1467.996338 51.529343
1468.363525 51.293228
1468.660522 51.261841
1470.040039 51.064560
1470.099731 50.875916
1457.439331 57.111256
1457.234009 57.463905
1457.234253 57.463894
1457.891602 57.111248
1461.988892 55.038113
1461.988403 55.038120
1460.093140 56.266293
1485.315186 44.191216
1485.315308 44.191193
1488.373047 42.932167
1488.958252 42.774902
1488.958008 42.774910
1486.858887 44.049057
1492.280273 42.725594
1487.660645 43.247322
1488.158569 43.116844
1477.177734 48.151169
1477.762939 47.396065
1477.177490 48.151283
1476.734375 49.542305
1476.734253 49.542336
1482.577271 44.701927
1478.241089 47.366676
1477.639038 48.005814
1479.867188 44.996407
1481.421631 44.935738
1482.307373 44.750595
1530.462891 21.955078
1529.703125 21.990479
1529.702881 21.990532
1525.845459 23.955109
1525.370605 24.400612
1528.710449 22.940758
1529.121094 22.938271
1531.655396 21.343849
1532.084717 21.223640
1530.978027 21.447227
1527.918945 23.816376
1528.702759 23.032486
1546.216675 19.124954
1545.876831 19.294647
1544.210449 19.597305
1544.209473 19.598068
1544.208496 19.598831
1544.208740 19.598808
1544.018799 19.599571
1544.018066 19.600288
1544.017822 19.600334
1544.016968 19.601089
1543.247803 19.924423
1545.447021 19.487961
1546.766602 19.017403
1551.550293 18.555962
1546.218384 19.123405
1556.010254 18.555954
1542.054688 20.092552
1542.053955 20.093300
1542.053345 20.094032
1542.052612 20.094795
1540.465942 20.095558
1540.465088 20.096298
1542.053101 20.094063
1542.052368 20.094826
1542.577759 20.071884
1542.059692 20.090805
1542.572632 20.071899
1542.347656 20.090759
1542.872803 20.071831
1537.971924 20.815094
1539.236938 20.154854
1539.236084 20.155617
1539.235107 20.156380
1539.234253 20.157143
1539.233398 20.157906
1538.677856 20.158669
1538.677124 20.159431
1538.676392 20.160194
1539.235352 20.156334
1539.234497 20.157097
1539.235474 20.156319
1539.234619 20.157082
1539.234741 20.157059
1539.233765 20.157845
1539.232910 20.158607
1539.233887 20.157837
1539.233032 20.158600
1542.464233 20.078354
1539.224243 20.158661
1539.661987 20.152939
1539.661255 20.153702
1539.660522 20.154465
1534.334961 21.180321
1535.700928 20.929344
1500.913818 29.593918
1500.914062 29.593895
1502.106445 28.566910
1500.171143 30.336960
1501.254272 29.253830
1501.482544 29.025665
1503.697754 27.999161
1521.732666 24.421066
1511.160400 27.247620
1511.854980 26.006050
1521.733032 24.421059
1520.642822 24.496323
1571.575317 14.680801
1567.726318 15.589165
1571.725220 14.643822
1571.060181 15.050415
1570.910400 15.050423
1579.168579 13.404564
1583.389648 13.341545
1584.287598 13.236198
1577.608643 13.717911
1574.830078 14.402519
1577.524414 14.338020
1575.668823 14.385254
1572.695801 14.495918
1561.049194 15.935509
1561.040771 15.943909
1560.654053 16.127884
1560.878662 16.076996
1562.632568 15.871361
1565.294922 15.850639
1565.797974 15.791199
1556.966919 16.672813
1585.918457 13.128052
1593.208252 13.087349
1593.208008 13.087372
1594.408936 12.925468
1594.373535 12.928246
1593.172852 13.090134
1593.294434 12.968605
1600.523193 12.523300
1600.481934 12.541389
1603.976562 12.448769
1609.371826 12.011421
1608.832153 12.011429
1610.333618 11.927132
1604.359863 12.380089
1611.694946 11.927124
1623.187744 11.921532
1499.525391 38.364693
1492.386475 41.003349
1493.650513 40.738884
1496.026978 39.677216
1497.588867 39.602539
1498.108276 39.206337
1689.378052 11.827644
1701.784790 8.908005
1700.330933 9.226242
1706.414917 8.041275
1705.173828 8.125557
1705.510986 8.102966
1705.192139 8.107178
1705.185303 8.114250
1705.184814 8.114296
1705.173706 8.125587
1705.084961 8.183594
1703.385742 8.655693
1704.430786 8.594971
1703.385620 8.655701
1703.428955 8.607430
1695.435303 9.595963
1699.798218 9.558182
1695.229614 10.292557
1695.369751 10.133507
1695.139038 10.292572
1692.871338 10.503426
1690.131958 11.225571
1713.971802 7.801147
1715.108276 7.792366
1713.572998 7.860374
1713.385010 7.977554
1716.192261 7.789642
1716.715942 7.756798
1716.192139 7.789650
1719.017700 7.702133
1719.983765 7.349388
1719.327026 7.596443
1721.122925 7.242386