1480.590942 25.214508
1481.277954 24.941307
1481.712891 24.762436
1493.426636 23.345482
1493.853149 23.022934
1493.853271 23.022926
1489.187622 23.809662
1496.155762 21.896065
1496.974854 21.824715
1499.628662 21.810509
1496.049194 22.089882
1491.809692 23.809654
1500.598389 21.783073
1502.129761 21.742111
1505.496948 21.526543
1484.237671 24.380341
1484.268555 24.349480
1485.806885 24.169189
1488.261475 24.169182
1488.261963 24.169159
1485.806641 24.169205
1475.352173 26.020210
1472.815552 26.147675
1474.057129 26.105637
1469.370850 27.525558
1475.349976 26.097931
1472.765259 26.235039
1471.939941 26.324898
1477.426636 25.657494
1478.961548 25.602692
1477.892212 25.621620
1477.103149 25.816231
1477.102905 25.816246
1470.835205 26.762093
1469.915283 26.960678
1469.690063 27.354309
1462.672363 28.577843
1462.401367 29.479706
1464.120850 28.577744
1466.854004 28.273300
1464.596924 28.296959
1458.786743 29.799026
1523.328979 19.326500
1526.310303 18.929848
1526.345337 18.927094
1525.268799 19.052834
1526.345459 18.927078
1520.466309 19.535439
1522.627930 19.445595
1527.988647 18.879333
1515.415283 19.905571
1519.416870 19.866684
1519.602295 19.765900
1512.364258 20.750832
1512.363525 20.751564
1512.363281 20.751595
1512.362793 20.752289
1512.231445 20.752327
1512.157715 20.752357
1512.156738 20.753120
1512.156006 20.753883
1512.156128 20.753868
1512.155396 20.754631
1512.155273 20.754646
1512.154541 20.755409
1512.153687 20.756172
1512.152832 20.756935
1512.152100 20.757698
1512.151245 20.758461
1512.154663 20.755394
1512.153931 20.756157
1512.153076 20.756920
1512.153198 20.756882
1512.152222 20.757645
1512.152466 20.757622
1512.151611 20.758385
1512.150879 20.759148
1512.949341 20.545738
1512.151367 20.758408
1512.150513 20.759171
1512.149658 20.759933
1533.000610 18.428787
1531.271362 18.488014
1543.887573 17.460686
1543.536377 17.584145
1541.620850 18.150261
1541.722656 18.135162
1543.988892 17.445587
1543.988770 17.445602
1543.989014 17.445580
1541.722412 18.135178
1536.119629 18.424736
1510.794067 20.848625
1510.793213 20.849342
1510.792358 20.850105
1510.792480 20.850090
1510.791504 20.850853
1510.716797 20.851646
1510.715820 20.852409
1510.715088 20.853172
1510.715332 20.853127
1510.485962 20.853889
1511.510864 20.844849
1511.510986 20.844833
1510.714722 20.853851
1510.792236 20.850151
1510.717773 20.850922
1510.791260 20.850914
1509.982666 21.292091
1506.950439 21.415596
1505.648071 21.526520
1510.203735 21.248009
1509.589844 21.356369
1545.290283 17.095314
1448.330688 33.212189
1442.989990 35.007973
1443.031982 34.966019
1446.498047 34.086014
1445.284424 34.139648
1439.809814 35.486229
1441.066406 35.386292
1441.066162 35.386299
1441.714722 35.008141
1441.066040 35.386307
1432.559082 39.925621
1432.605957 39.259506
1435.911743 36.650772
1436.790161 36.615707
1433.333984 38.547264
1434.435669 38.146973
1434.517212 37.362556
1430.626221 41.067696
1431.727783 39.925644
1435.347046 36.984619
1424.355469 46.119793
1430.157959 44.688038
1427.479980 45.796028
1455.972168 30.884613
1455.971558 30.884933
1455.971436 30.884972
1455.971191 30.884979
1455.970459 30.885727
1455.970825 30.885658
1455.970703 30.885696
1455.321289 30.886475
1455.320557 30.887199
1455.319702 30.887962
1454.857666 31.350067
1455.319824 30.887917
1455.318970 30.888680
1455.318115 30.889442
1455.320435 30.887207
1455.319458 30.887970
1455.318481 30.888733
1456.027710 30.884583
1455.318359 30.888763
1455.318604 30.888702
1455.317749 30.889465
1455.317871 30.889458
1455.316772 30.890228
1455.316895 30.890152
1455.316040 30.890915
1455.316162 30.890877
1455.315186 30.891678
1455.314209 30.892441
1455.313477 30.893181
1455.312744 30.893944
1455.312012 30.894730
1454.577759 31.353851
1454.577026 31.354614
1454.576294 31.355377
1456.209717 30.884567
1455.311768 30.895515
1455.311157 30.895554
1455.310181 30.896317
1455.309448 30.897079
1455.308716 30.897842
1455.308960 30.897774
1455.308228 30.898537
1455.308350 30.898506
1455.307495 30.899300
1455.322266 30.885742
1454.859497 31.348557
1454.858765 31.349319
1454.582397 31.350082
1455.306763 30.900162
1455.306030 30.900925
1455.030396 31.160027
1455.029419 31.160034
1455.306519 30.900200
1455.305786 30.900963
1455.305908 30.900955
1455.305054 30.901695
1455.304565 30.902466
1455.304810 30.902458
1454.575806 31.356163
1454.575928 31.356140
1454.575195 31.356873
1454.574341 31.357635
1454.573486 31.358398
1454.573730 31.358391
1454.574951 31.356903
1454.573975 31.357666
1454.573242 31.358429
1454.572388 31.359192
1454.571411 31.359955
1454.572754 31.359138
1454.571899 31.359901
1454.572632 31.359184
1454.571655 31.359940
1454.570923 31.360664
1454.570190 31.361427
1454.569458 31.362190
1454.572266 31.359215
1454.571777 31.359924
1454.568726 31.362930
1454.567993 31.363693
1454.568604 31.362961
1454.567871 31.363724
1454.568481 31.362976
1454.567627 31.363739
1454.569336 31.362259
1454.566895 31.364548
1455.304321 30.903275
1449.450928 32.161369
1451.461914 31.489944
1451.461792 31.489952
1452.543335 31.439857
1450.248169 31.724098
1451.325928 31.489960
1449.451538 32.161324
1450.963257 31.724083
1447.549561 34.063393
1565.228760 14.105789
1564.015381 14.508957
1564.756958 14.195641
1564.585815 14.481346
1563.458008 14.512924
1561.636597 14.630722
1560.546997 14.752388
1559.432129 15.026176
1555.164062 15.991272
1559.162842 15.045944
1559.534668 14.992645
1565.497681 14.014931
1565.430786 14.076210
1567.777832 13.987122
1567.920776 13.936928
1567.785522 13.976334
1569.297852 13.390350
1569.072266 13.390358
1567.785645 13.976280
1575.633179 12.828285
1571.542969 13.321083
1572.441162 13.303131
1571.987061 13.321060
1570.425293 13.340103
1568.567139 13.392212
1569.693237 13.340118
1573.138794 13.214096
1573.138672 13.214119
1574.036743 13.196289
1579.341309 12.795631
1581.837158 12.646812
1582.197266 12.571808
1582.994263 12.423836
1582.993896 12.423843
1583.320190 12.393944
1584.221802 12.393936
1584.932129 12.287971
1585.935669 11.609848
1585.950439 11.311424
1586.608521 10.964104
1585.332642 11.952332
1548.492920 16.515320
1550.169312 16.463364
1552.492920 16.379677
1556.491821 15.434341
1556.491089 15.434349
1595.363892 9.798370
1594.689453 9.916145
1599.056641 9.659691
1594.069092 10.309669
1607.622925 9.087212
1607.079468 9.339783
1607.185791 9.306198
1607.729492 9.053619
1609.309448 8.957077
1603.008057 9.488564
1603.007935 9.488571
1602.673706 9.561050
1605.063599 9.372978
1602.665161 9.569427
1611.994751 8.954094
1613.263550 8.887939
1614.474976 8.838509
1614.475220 8.838493
1616.028931 8.700691
1623.506348 8.664841
1613.942017 8.886467
1620.492188 8.664856
1620.492065 8.664871
1628.875610 8.448784
1628.839111 8.509758
1634.177002 8.415817
1703.685181 7.840950
1707.817261 7.595345
1707.817017 7.595360
1711.978760 7.557930
1711.322998 7.570564
1712.471802 7.557755
1714.725098 7.360451
1714.725220 7.360443
1715.046631 7.360359
1715.594849 7.269173
1715.211426 7.269203
1716.757080 7.209953
1696.756592 8.408333
1697.150024 8.408325
1699.848022 8.343742
1722.192505 6.249207
1724.794189 6.240669
1717.348145 7.204018
1719.269409 6.751862
1721.868652 6.751236
1725.472046 6.157043
1725.798706 6.041153
1727.135498 5.795998
1733.725952 5.596725
1735.128418 5.530060

