1729.410400 15.315987
1727.389404 15.376076
1731.665161 15.174561
1731.856812 15.174545
1724.224976 16.217957
1725.680786 15.868439
1641.225220 24.536667
1641.841675 24.015938
1647.804932 23.896645
1638.677979 24.775505
1638.766357 24.774445
1640.200928 24.655151
1632.176270 26.806114
1633.472290 26.729523
1636.146973 26.600441
1630.728027 26.806198
1630.049438 27.027481
1637.857422 25.887321
1812.023193 11.502289
1811.960938 12.453339
1812.319702 10.983810
1814.773804 10.817169
1817.196655 9.499245
1819.294312 9.233124
1819.294556 9.233093
1816.994385 10.238686
1822.819092 9.190140
1819.371460 9.206390
1822.850220 9.163406
1824.897583 9.094818
1662.554688 21.583748
1664.522827 21.388199
1656.458008 23.564209
1610.874512 27.660469
1611.152100 27.419144
1554.427002 37.384155
1554.556152 37.254959
1625.259521 27.387482
1653.503296 23.600044
1658.430298 21.936516
1658.750977 21.700523
1662.603882 21.409363
1598.800903 31.932266
1598.801025 31.932259
1599.873413 31.886185
1514.681641 44.591652
1514.691772 44.075653
1518.097534 43.479858
1504.225098 49.522911
1508.381836 49.512085
1683.500122 19.406647
1692.264893 19.122734
1672.950684 19.427658
1687.133667 19.177910
1687.984863 19.156860
1706.783569 18.928673
1670.376343 20.900352
1669.095215 20.901093
1672.719360 20.699013
1588.384766 32.111519
1587.201172 32.801109
1525.634766 38.327454
1537.360107 38.258957
1539.485840 38.011559
1543.368652 37.393730
1554.951172 36.997276
1576.531250 35.679047
1520.876465 42.506294
1504.103760 59.398090
1503.556030 59.961433
1572.534424 36.158676
1572.125122 36.162651
1572.125244 36.162643
1574.774780 36.126335
1577.849854 35.208771
1571.958008 36.220001
1736.999756 15.148026
1734.795410 15.148033
1740.447266 14.994980
1741.281250 14.759880
1747.624268 14.377747
1751.559692 14.092216
1754.531860 13.841675
1761.988281 13.596382
1764.310181 12.927811
1759.961060 13.690147
1761.922485 13.605156
1761.171143 13.605179
1772.682007 12.731880
1567.167969 36.894112
1568.500977 36.256630
1557.886230 36.997139
1601.834717 31.046150
1603.427612 31.046135
1608.951050 31.002731
1587.194336 35.020187